0	4	1	1	1
0	23	1	1	1
0	29	1	1	1
0	34	1	1	1
6	42	1	1	1
6	49	1	1	1
8	4	1	1	1
8	17	1	1	1
8	23	1	1	1
8	25	1	1	1
8	28	1	1	1
8	34	1	1	1
8	43	1	1	1
8	57	1	1	1
9	16	1	1	1
9	23	1	1	1
11	23	1	1	1
14	36	1	1	1
14	42	1	1	1
14	49	1	1	1
15	4	1	1	1
19	5	1	1	1
19	19	1	1	1
19	21	1	1	1
19	23	1	1	1
20	7	1	1	1
20	10	1	1	1
20	13	1	1	1
20	19	1	1	1
20	32	1	1	1
20	44	1	1	1
20	59	1	1	1
21	23	1	1	1
22	52	1	1	1
24	0	1	1	1
26	47	1	1	1
27	15	1	1	1
27	55	1	1	1
30	23	1	1	1
31	23	1	1	1
31	33	1	1	1
35	18	1	1	1
35	23	1	1	1
36	4	1	1	1
36	29	1	1	1
36	34	1	1	1
37	52	1	1	1
37	54	1	1	1
39	8	1	1	1
40	2	1	1	1
40	3	1	1	1
40	5	1	1	1
40	23	1	1	1
40	38	1	1	1
40	51	1	1	1
40	52	1	1	1
40	58	1	1	1
41	0	1	1	1
42	4	1	1	1
42	29	1	1	1
42	34	1	1	1
44	23	1	1	1
45	36	1	1	1
47	0	1	1	1
47	36	1	1	1
47	42	1	1	1
48	2	1	1	1
48	12	1	1	1
48	46	1	1	1
48	47	1	1	1
49	1	1	1	1
50	15	1	1	1
51	11	1	1	1
51	23	1	1	1
51	30	1	1	1
51	31	1	1	1
51	44	1	1	1
53	23	1	1	1
55	47	1	1	1
56	35	1	1	1
