1	63	1	1	1
1	73	1	1	1
2	43	1	1	1
3	59	1	1	1
4	35	1	1	1
4	37	1	1	1
5	67	1	1	1
6	48	1	1	1
7	29	1	1	1
7	45	1	1	1
7	47	1	1	1
7	52	1	1	1
7	60	1	1	1
7	69	1	1	1
7	77	1	1	1
8	5	1	1	1
8	37	1	1	1
9	23	1	1	1
9	26	1	1	1
9	40	1	1	1
11	12	1	1	1
11	33	1	1	1
11	35	1	1	1
11	36	1	1	1
11	49	1	1	1
11	58	1	1	1
11	64	1	1	1
13	6	1	1	1
13	20	1	1	1
13	22	1	1	1
13	30	1	1	1
13	32	1	1	1
13	66	1	1	1
13	72	1	1	1
13	74	1	1	1
13	75	1	1	1
13	76	1	1	1
21	57	1	1	1
23	20	1	1	1
23	51	1	1	1
23	76	1	1	1
25	35	1	1	1
25	37	1	1	1
28	10	1	1	1
32	78	1	1	1
33	12	1	1	1
34	24	1	1	1
38	70	1	1	1
39	23	1	1	1
39	26	1	1	1
39	40	1	1	1
39	54	1	1	1
40	61	1	1	1
41	15	1	1	1
41	19	1	1	1
41	27	1	1	1
41	31	1	1	1
41	42	1	1	1
41	71	1	1	1
43	13	1	1	1
50	1	1	1	1
53	6	1	1	1
54	56	1	1	1
57	20	1	1	1
57	28	1	1	1
57	55	1	1	1
57	76	1	1	1
59	38	1	1	1
62	14	1	1	1
62	35	1	1	1
63	11	1	1	1
63	72	1	1	1
63	75	1	1	1
64	80	1	1	1
65	18	1	1	1
67	58	1	1	1
68	3	1	1	1
68	80	1	1	1
70	44	1	1	1
72	0	1	1	1
72	16	1	1	1
72	65	1	1	1
75	17	1	1	1
79	26	1	1	1
79	46	1	1	1
81	57	1	1	1
